7.030000000000000000e+02 4.270000000000000000e+02 5.410000000000000000e+02 4.330000000000000000e+02
6.680000000000000000e+02 4.090000000000000000e+02 5.200000000000000000e+02 4.240000000000000000e+02
6.770000000000000000e+02 3.830000000000000000e+02 5.180000000000000000e+02 4.400000000000000000e+02
6.970000000000000000e+02 4.370000000000000000e+02 5.020000000000000000e+02 4.470000000000000000e+02
4.820000000000000000e+02 4.490000000000000000e+02 6.540000000000000000e+02 4.130000000000000000e+02
6.750000000000000000e+02 4.300000000000000000e+02 5.090000000000000000e+02 4.420000000000000000e+02
5.200000000000000000e+02 4.400000000000000000e+02 5.200000000000000000e+02 4.380000000000000000e+02
5.330000000000000000e+02 4.330000000000000000e+02 6.750000000000000000e+02 4.080000000000000000e+02
5.300000000000000000e+02 4.340000000000000000e+02 6.880000000000000000e+02 3.780000000000000000e+02
5.210000000000000000e+02 4.510000000000000000e+02 7.010000000000000000e+02 4.440000000000000000e+02
5.170000000000000000e+02 4.400000000000000000e+02 6.680000000000000000e+02 4.120000000000000000e+02
5.160000000000000000e+02 4.490000000000000000e+02 7.140000000000000000e+02 3.900000000000000000e+02
5.200000000000000000e+02 4.470000000000000000e+02 6.470000000000000000e+02 4.290000000000000000e+02
5.190000000000000000e+02 4.480000000000000000e+02 6.760000000000000000e+02 4.370000000000000000e+02
5.200000000000000000e+02 4.480000000000000000e+02 6.710000000000000000e+02 4.180000000000000000e+02
6.800000000000000000e+02 4.300000000000000000e+02 5.260000000000000000e+02 4.450000000000000000e+02
5.130000000000000000e+02 4.560000000000000000e+02 5.120000000000000000e+02 4.540000000000000000e+02
6.870000000000000000e+02 4.430000000000000000e+02 5.180000000000000000e+02 4.530000000000000000e+02
7.060000000000000000e+02 4.540000000000000000e+02 5.010000000000000000e+02 4.510000000000000000e+02
6.420000000000000000e+02 4.350000000000000000e+02 4.980000000000000000e+02 4.570000000000000000e+02
6.750000000000000000e+02 4.560000000000000000e+02 5.370000000000000000e+02 4.680000000000000000e+02
5.090000000000000000e+02 4.800000000000000000e+02 6.370000000000000000e+02 4.470000000000000000e+02
5.060000000000000000e+02 4.710000000000000000e+02 6.360000000000000000e+02 4.420000000000000000e+02
6.400000000000000000e+02 4.500000000000000000e+02 4.960000000000000000e+02 4.620000000000000000e+02
5.110000000000000000e+02 4.600000000000000000e+02 6.420000000000000000e+02 4.340000000000000000e+02
5.120000000000000000e+02 4.610000000000000000e+02 6.750000000000000000e+02 4.490000000000000000e+02
6.790000000000000000e+02 4.490000000000000000e+02 5.300000000000000000e+02 4.380000000000000000e+02
6.750000000000000000e+02 4.480000000000000000e+02 5.110000000000000000e+02 4.620000000000000000e+02
5.120000000000000000e+02 4.620000000000000000e+02 6.740000000000000000e+02 4.480000000000000000e+02
6.750000000000000000e+02 4.490000000000000000e+02 4.860000000000000000e+02 4.160000000000000000e+02
6.390000000000000000e+02 4.310000000000000000e+02 5.080000000000000000e+02 4.610000000000000000e+02
6.450000000000000000e+02 4.010000000000000000e+02 5.070000000000000000e+02 4.610000000000000000e+02
6.890000000000000000e+02 4.450000000000000000e+02 5.220000000000000000e+02 4.290000000000000000e+02
6.910000000000000000e+02 4.420000000000000000e+02 5.040000000000000000e+02 4.510000000000000000e+02
6.890000000000000000e+02 4.410000000000000000e+02 5.050000000000000000e+02 4.490000000000000000e+02
6.380000000000000000e+02 4.180000000000000000e+02 5.210000000000000000e+02 4.620000000000000000e+02
6.400000000000000000e+02 4.190000000000000000e+02 4.820000000000000000e+02 4.050000000000000000e+02
6.770000000000000000e+02 4.330000000000000000e+02 5.140000000000000000e+02 4.470000000000000000e+02
5.150000000000000000e+02 4.470000000000000000e+02 6.720000000000000000e+02 4.340000000000000000e+02
6.760000000000000000e+02 4.350000000000000000e+02 5.150000000000000000e+02 4.480000000000000000e+02
6.800000000000000000e+02 4.350000000000000000e+02 5.160000000000000000e+02 4.480000000000000000e+02
6.790000000000000000e+02 4.360000000000000000e+02 5.150000000000000000e+02 4.490000000000000000e+02
6.770000000000000000e+02 4.360000000000000000e+02 5.150000000000000000e+02 4.490000000000000000e+02
6.780000000000000000e+02 4.360000000000000000e+02 5.190000000000000000e+02 4.480000000000000000e+02
6.750000000000000000e+02 4.260000000000000000e+02 5.130000000000000000e+02 4.420000000000000000e+02
6.800000000000000000e+02 4.330000000000000000e+02 5.160000000000000000e+02 4.460000000000000000e+02
6.780000000000000000e+02 4.340000000000000000e+02 5.150000000000000000e+02 4.470000000000000000e+02
6.790000000000000000e+02 4.340000000000000000e+02 5.170000000000000000e+02 4.470000000000000000e+02
5.140000000000000000e+02 4.400000000000000000e+02 6.800000000000000000e+02 4.250000000000000000e+02
6.790000000000000000e+02 4.180000000000000000e+02 4.990000000000000000e+02 4.160000000000000000e+02
6.800000000000000000e+02 4.190000000000000000e+02 5.170000000000000000e+02 4.350000000000000000e+02
5.160000000000000000e+02 4.430000000000000000e+02 6.430000000000000000e+02 4.220000000000000000e+02
6.780000000000000000e+02 4.290000000000000000e+02 5.130000000000000000e+02 4.440000000000000000e+02
6.900000000000000000e+02 4.370000000000000000e+02 5.120000000000000000e+02 4.440000000000000000e+02
5.130000000000000000e+02 4.410000000000000000e+02 6.810000000000000000e+02 4.270000000000000000e+02
6.770000000000000000e+02 4.280000000000000000e+02 5.140000000000000000e+02 4.420000000000000000e+02
6.790000000000000000e+02 4.290000000000000000e+02 5.140000000000000000e+02 4.420000000000000000e+02
6.760000000000000000e+02 4.280000000000000000e+02 5.150000000000000000e+02 4.410000000000000000e+02
6.790000000000000000e+02 4.290000000000000000e+02 5.150000000000000000e+02 4.420000000000000000e+02
6.790000000000000000e+02 4.290000000000000000e+02 5.160000000000000000e+02 4.420000000000000000e+02
6.800000000000000000e+02 4.290000000000000000e+02 5.170000000000000000e+02 4.420000000000000000e+02
6.810000000000000000e+02 4.280000000000000000e+02 5.160000000000000000e+02 4.410000000000000000e+02
6.820000000000000000e+02 4.280000000000000000e+02 5.160000000000000000e+02 4.410000000000000000e+02
6.500000000000000000e+02 4.220000000000000000e+02 5.230000000000000000e+02 4.470000000000000000e+02
6.530000000000000000e+02 4.260000000000000000e+02 4.890000000000000000e+02 4.440000000000000000e+02
6.430000000000000000e+02 3.470000000000000000e+02 5.010000000000000000e+02 4.130000000000000000e+02
4.960000000000000000e+02 3.120000000000000000e+02 6.810000000000000000e+02 2.950000000000000000e+02
6.780000000000000000e+02 2.220000000000000000e+02 4.590000000000000000e+02 2.300000000000000000e+02
6.740000000000000000e+02 2.980000000000000000e+02 4.940000000000000000e+02 3.140000000000000000e+02
6.300000000000000000e+02 2.840000000000000000e+02 5.310000000000000000e+02 2.980000000000000000e+02
6.330000000000000000e+02 2.850000000000000000e+02 4.980000000000000000e+02 3.230000000000000000e+02
6.750000000000000000e+02 3.060000000000000000e+02 4.960000000000000000e+02 3.200000000000000000e+02
6.750000000000000000e+02 3.080000000000000000e+02 4.970000000000000000e+02 3.220000000000000000e+02
4.960000000000000000e+02 3.250000000000000000e+02 6.770000000000000000e+02 3.100000000000000000e+02
6.740000000000000000e+02 3.110000000000000000e+02 4.950000000000000000e+02 3.240000000000000000e+02
6.800000000000000000e+02 3.100000000000000000e+02 4.980000000000000000e+02 3.230000000000000000e+02
6.780000000000000000e+02 3.090000000000000000e+02 4.990000000000000000e+02 3.220000000000000000e+02
4.970000000000000000e+02 3.210000000000000000e+02 6.780000000000000000e+02 3.080000000000000000e+02
6.800000000000000000e+02 3.060000000000000000e+02 4.990000000000000000e+02 3.190000000000000000e+02
6.810000000000000000e+02 3.030000000000000000e+02 5.000000000000000000e+02 3.160000000000000000e+02
6.810000000000000000e+02 3.020000000000000000e+02 5.000000000000000000e+02 3.150000000000000000e+02
6.800000000000000000e+02 3.020000000000000000e+02 5.000000000000000000e+02 3.150000000000000000e+02
6.800000000000000000e+02 3.010000000000000000e+02 5.000000000000000000e+02 3.140000000000000000e+02
6.810000000000000000e+02 3.010000000000000000e+02 5.010000000000000000e+02 3.140000000000000000e+02
4.980000000000000000e+02 3.150000000000000000e+02 6.810000000000000000e+02 3.010000000000000000e+02
6.800000000000000000e+02 3.000000000000000000e+02 4.990000000000000000e+02 3.140000000000000000e+02
6.800000000000000000e+02 2.990000000000000000e+02 5.020000000000000000e+02 3.110000000000000000e+02
5.030000000000000000e+02 3.110000000000000000e+02 6.820000000000000000e+02 2.980000000000000000e+02
6.850000000000000000e+02 3.000000000000000000e+02 5.040000000000000000e+02 3.130000000000000000e+02
5.010000000000000000e+02 3.210000000000000000e+02 6.850000000000000000e+02 3.080000000000000000e+02
4.990000000000000000e+02 3.250000000000000000e+02 6.810000000000000000e+02 3.120000000000000000e+02
6.820000000000000000e+02 3.150000000000000000e+02 5.030000000000000000e+02 3.280000000000000000e+02
5.030000000000000000e+02 3.310000000000000000e+02 6.860000000000000000e+02 3.190000000000000000e+02
4.860000000000000000e+02 3.190000000000000000e+02 6.870000000000000000e+02 3.190000000000000000e+02
5.060000000000000000e+02 3.280000000000000000e+02 6.880000000000000000e+02 3.150000000000000000e+02
5.060000000000000000e+02 3.270000000000000000e+02 6.880000000000000000e+02 3.150000000000000000e+02
5.060000000000000000e+02 3.270000000000000000e+02 6.860000000000000000e+02 3.150000000000000000e+02
6.870000000000000000e+02 3.160000000000000000e+02 5.070000000000000000e+02 3.280000000000000000e+02
5.050000000000000000e+02 3.320000000000000000e+02 6.870000000000000000e+02 3.200000000000000000e+02
6.850000000000000000e+02 3.200000000000000000e+02 5.050000000000000000e+02 3.320000000000000000e+02
6.900000000000000000e+02 3.190000000000000000e+02 5.070000000000000000e+02 3.310000000000000000e+02
5.060000000000000000e+02 3.300000000000000000e+02 6.900000000000000000e+02 3.190000000000000000e+02
5.050000000000000000e+02 3.310000000000000000e+02 6.890000000000000000e+02 3.190000000000000000e+02
5.060000000000000000e+02 3.300000000000000000e+02 6.900000000000000000e+02 3.190000000000000000e+02
5.100000000000000000e+02 3.270000000000000000e+02 6.910000000000000000e+02 3.150000000000000000e+02
4.930000000000000000e+02 3.110000000000000000e+02 6.870000000000000000e+02 3.110000000000000000e+02
4.920000000000000000e+02 3.150000000000000000e+02 7.090000000000000000e+02 3.020000000000000000e+02
4.830000000000000000e+02 3.250000000000000000e+02 7.070000000000000000e+02 3.030000000000000000e+02
6.870000000000000000e+02 3.180000000000000000e+02 5.090000000000000000e+02 3.310000000000000000e+02
6.860000000000000000e+02 3.130000000000000000e+02 5.090000000000000000e+02 3.260000000000000000e+02
6.910000000000000000e+02 3.140000000000000000e+02 5.150000000000000000e+02 3.240000000000000000e+02
6.910000000000000000e+02 3.100000000000000000e+02 5.150000000000000000e+02 3.200000000000000000e+02
6.900000000000000000e+02 3.070000000000000000e+02 5.130000000000000000e+02 3.180000000000000000e+02
6.900000000000000000e+02 3.050000000000000000e+02 5.120000000000000000e+02 3.160000000000000000e+02
6.890000000000000000e+02 3.040000000000000000e+02 5.120000000000000000e+02 3.150000000000000000e+02
6.850000000000000000e+02 3.010000000000000000e+02 5.080000000000000000e+02 3.110000000000000000e+02
5.090000000000000000e+02 3.110000000000000000e+02 6.630000000000000000e+02 2.800000000000000000e+02
6.890000000000000000e+02 2.980000000000000000e+02 5.090000000000000000e+02 3.100000000000000000e+02
6.880000000000000000e+02 2.970000000000000000e+02 5.100000000000000000e+02 3.080000000000000000e+02
5.080000000000000000e+02 3.100000000000000000e+02 6.870000000000000000e+02 2.980000000000000000e+02
6.870000000000000000e+02 3.080000000000000000e+02 5.110000000000000000e+02 3.180000000000000000e+02
6.340000000000000000e+02 2.930000000000000000e+02 4.990000000000000000e+02 3.240000000000000000e+02
5.020000000000000000e+02 3.280000000000000000e+02 6.800000000000000000e+02 3.150000000000000000e+02
5.030000000000000000e+02 3.280000000000000000e+02 6.870000000000000000e+02 3.160000000000000000e+02
6.810000000000000000e+02 3.150000000000000000e+02 4.850000000000000000e+02 3.160000000000000000e+02
